10378001 86 82 90
10378002 95 81 51
10378003 96 85 76
10378004 93 75 76
10378005 91 83 80
10378006 91 68 52
10378007 100 76 79
10378008 82 84 83
10378009 97 81 85
10378010 85 81 93
10378011 84 88 100
10378012 96 71 81
10378013 97 86 90
10378014 81 85 84
10378015 96 75 85
10378016 90 91 61
10378017 86 81 60
10378018 99 72 85
10378019 82 74 73
10378020 90 78 100
10378021 98 79 84
10378022 92 78 88
10378023 99 75 81
10378024 97 83 82
10378025 94 81 81
10378026 89 83 76
10378027 98 71 49
10378028 80 90 100
10378029 85 87 100
10378030 81 84 55
10378031 90 75 84
10378032 83 81 100
10378033 86 74 60
10378034 81 86 81
10378035 98 92 61
10378036 90 74 97
10378037 86 84 100
10378038 94 74 86
10378039 93 73 73
10378040 90 80 72
10378041 85 79 75
10378042 82 87 100
10378043 90 79 96
10378044 90 83 62
10378045 81 90 73
10378046 82 86 56
10378047 90 75 62
10378048 82 83 57
10378049 98 84 82
10378050 98 78 70
10378051 86 89 76
10378052 85 78 97
10378053 98 81 94
10378054 96 71 67
10378055 95 80 93
10378056 96 81 98
10378057 99 75 68
10378058 100 68 100
10378059 98 68 90
10378060 83 81 49
10378061 95 82 100
10378062 90 84 100
10378063 99 67 91
10378064 91 67 57
10378065 91 75 89
10378066 87 69 86
10378067 89 79 83
10378068 90 78 84
10378069 97 76 78
10378070 97 72 72
10378071 86 83 100
10378072 82 79 58
10378073 96 87 69
10378074 98 91 91
10378075 93 85 55
10378076 96 86 95
10378077 92 92 90
10378078 98 86 84
10378079 83 89 93
10378080 82 64 89
10378081 90 84 77
10378082 89 85 84
10378083 93 73 100
10378084 82 68 94
10378085 92 72 81
10378086 85 82 71
10378087 88 78 100
10378088 83 73 100
10378089 86 83 92
10378090 95 82 87
10378091 84 78 72
10378092 99 77 89
10378093 89 70 76
10378094 93 79 62
10378095 84 72 58
10378096 95 81 71
10378097 81 79 96
10378098 95 71 74
10378099 100 74 81
10378100 84 79 61
